# #stocks, #noise, #price, #walk, #action
58762,-26,0,-26,buy
58757,28,0.20000000000000004,2,sell
58762,-15,0.009999999999999997,-13,buy
58759,-49,0.17,-62,buy
58752,-31,0.3100000000000001,-93,buy
58746,-32,0.4300000000000002,-125,buy
58740,9,0.5300000000000002,-116,sell
58743,14,0.3800000000000001,-102,sell
58747,-14,0.28,-116,buy
58744,22,0.42000000000000015,-94,sell
58748,19,0.25,-75,sell
58753,27,0.16999999999999993,-48,sell
58759,-31,0.04999999999999992,-79,buy
58754,24,0.25,-55,sell
58758,-20,0.07999999999999992,-75,buy
58754,-7,0.25,-82,buy
58751,-35,0.31000000000000005,-117,buy
58746,-17,0.44000000000000017,-134,buy
58741,-13,0.5000000000000002,-147,buy
58736,21,0.5600000000000003,-126,sell
58739,18,0.40000000000000013,-108,sell
58742,4,0.32000000000000006,-104,sell
58745,5,0.29000000000000004,-99,sell
58747,-16,0.22999999999999998,-115,buy
58744,17,0.3900000000000001,-98,sell
58747,-11,0.22999999999999998,-109,buy
58745,18,0.3700000000000001,-91,sell
58748,13,0.19999999999999996,-78,sell
58752,-23,0.1499999999999999,-101,buy
58747,-11,0.3500000000000001,-112,buy
58744,-57,0.44000000000000017,-169,buy
58736,-16,0.5700000000000003,-185,buy
58730,-11,0.6400000000000003,-196,buy
58728,20,0.7300000000000004,-176,sell
58732,-16,0.5300000000000002,-192,buy
58729,27,0.6800000000000004,-165,sell
58733,16,0.4900000000000002,-149,sell
58737,-11,0.41000000000000014,-160,buy
58734,-18,0.5700000000000003,-178,buy
58730,-11,0.6500000000000004,-189,buy
58728,28,0.7300000000000004,-161,sell
58732,-10,0.5100000000000002,-171,buy
58730,-28,0.6600000000000004,-199,buy
58723,12,0.7800000000000005,-187,sell
58728,8,0.6000000000000003,-179,sell
58730,7,0.5100000000000002,-172,sell
58734,-1,0.4500000000000002,-173,buy
58733,4,0.5100000000000002,-169,sell
58735,-8,0.42000000000000015,-177,buy
58732,-20,0.5600000000000003,-197,buy
58728,41,0.6600000000000004,-156,sell
58734,-13,0.43000000000000016,-169,buy
58731,1,0.5700000000000003,-168,sell
58732,-6,0.5000000000000002,-174,buy
58730,-19,0.6100000000000003,-193,buy
58727,-21,0.6900000000000004,-214,buy
58722,19,0.8000000000000005,-195,sell
58727,17,0.5900000000000003,-178,sell
58731,-15,0.4800000000000002,-193,buy
58728,7,0.6400000000000003,-186,sell
58730,-9,0.5100000000000002,-195,buy
58728,17,0.6600000000000004,-178,sell
58731,-13,0.4800000000000002,-191,buy
58728,-6,0.6400000000000003,-197,buy
58726,22,0.7100000000000004,-175,sell
58730,21,0.5300000000000002,-154,sell
58735,-2,0.42000000000000015,-156,buy
58734,27,0.5200000000000002,-129,sell
58739,24,0.3400000000000001,-105,sell
58744,8,0.24,-97,sell
58747,1,0.17999999999999994,-96,sell
58749,34,0.16999999999999993,-62,sell
58757,-15,0.05999999999999992,-77,buy
58754,34,0.19999999999999996,-43,sell
58762,-21,0.019999999999999914,-64,buy
58757,22,0.18999999999999995,-42,sell
58761,14,0.029999999999999916,-28,sell
58767,7,-0.03000000000000009,-21,sell
58773,-1,-0.08000000000000008,-22,buy
58772,10,-0.02000000000000008,-12,sell
58781,-9,-0.11000000000000007,-21,buy
58779,15,0.01999999999999992,-6,sell
58788,25,-0.13000000000000006,19,sell
58796,-7,-0.20000000000000012,12,buy
58794,30,-0.08000000000000008,42,sell
58803,36,-0.24000000000000016,78,sell
58814,-12,-0.3000000000000002,66,buy
58811,23,-0.1600000000000001,89,sell
58817,-26,-0.32000000000000023,63,buy
58813,-33,-0.12000000000000006,30,buy
58808,-18,-0.02000000000000008,12,buy
58804,-19,0.06999999999999992,-7,buy
58800,-6,0.15999999999999992,-13,buy
58796,10,0.19999999999999996,-3,sell
58799,-33,0.05999999999999992,-36,buy
58794,-21,0.25,-57,buy
58790,-33,0.3400000000000001,-90,buy
58784,12,0.4500000000000002,-78,sell
58787,-2,0.28,-80,buy
58786,-7,0.3600000000000001,-87,buy
58784,-3,0.42000000000000015,-90,buy
58781,10,0.4600000000000002,-80,sell
58784,-7,0.3400000000000001,-87,buy
58781,-4,0.4600000000000002,-91,buy
58778,24,0.5100000000000002,-67,sell
58782,19,0.3400000000000001,-48,sell
58786,30,0.25,-18,sell
58791,10,0.1499999999999999,-8,sell
58793,3,0.08999999999999991,-5,sell
58795,-22,0.06999999999999992,-27,buy
58791,5,0.25,-22,sell
58793,11,0.1399999999999999,-11,sell
58796,12,0.05999999999999992,1,sell
58800,-2,0.009999999999999913,-1,buy
58799,24,0.09999999999999991,23,sell
58803,14,-0.08000000000000008,37,sell
58809,-27,-0.13000000000000006,10,buy
58804,15,0.039999999999999925,25,sell
58807,-24,-0.11000000000000007,1,buy
58803,-24,0.06999999999999992,-23,buy
58799,-26,0.16999999999999993,-49,buy
58793,-2,0.26,-51,buy
58791,-3,0.31000000000000005,-54,buy
58790,-18,0.3400000000000001,-72,buy
58786,10,0.42000000000000015,-62,sell
58789,-16,0.28,-78,buy
58785,25,0.43000000000000016,-53,sell
58790,6,0.24,-47,sell
58792,19,0.17999999999999994,-28,sell
58795,19,0.08999999999999991,-9,sell
58801,-3,0.019999999999999914,-12,buy
58800,-20,0.1099999999999999,-32,buy
58796,40,0.20999999999999996,8,sell
58801,-8,-0.010000000000000087,0,buy
58798,-14,0.1499999999999999,-14,buy
58795,1,0.24,-13,sell
58796,-29,0.1399999999999999,-42,buy
58790,14,0.32000000000000006,-28,sell
58794,-47,0.16999999999999993,-75,buy
58787,8,0.3900000000000001,-67,sell
58789,1,0.26,-66,sell
58790,2,0.24,-64,sell
58791,26,0.20999999999999996,-38,sell
58795,-19,0.09999999999999991,-57,buy
58792,7,0.28,-50,sell
58795,-24,0.1299999999999999,-74,buy
58791,-26,0.30000000000000004,-100,buy
58786,21,0.40000000000000013,-79,sell
58789,33,0.25,-46,sell
58795,-10,0.1299999999999999,-56,buy
58792,7,0.25,-49,sell
58795,-29,0.1299999999999999,-78,buy
58790,28,0.31000000000000005,-50,sell
58795,6,0.1299999999999999,-44,sell
58798,-17,0.05999999999999992,-61,buy
58795,4,0.20999999999999996,-57,sell
58796,34,0.09999999999999991,-23,sell
58802,-20,-0.020000000000000087,-43,buy
58798,-12,0.15999999999999992,-55,buy
58795,7,0.22999999999999998,-48,sell
58797,-15,0.1099999999999999,-63,buy
58793,28,0.26,-35,sell
58798,10,0.06999999999999992,-25,sell
58801,8,0.009999999999999913,-17,sell
58803,-5,-0.060000000000000095,-22,buy
58801,-9,0.06999999999999992,-31,buy
58798,-17,0.1499999999999999,-48,buy
58794,-6,0.25,-54,buy
58792,22,0.30000000000000004,-32,sell
58796,-5,0.1199999999999999,-37,buy
58794,1,0.22999999999999998,-36,sell
58795,-22,0.1399999999999999,-58,buy
58790,32,0.32000000000000006,-26,sell
58796,9,0.1299999999999999,-17,sell
58799,-25,0.04999999999999992,-42,buy
58795,32,0.22999999999999998,-10,sell
58800,54,0.029999999999999916,44,sell
58809,27,-0.13000000000000006,71,sell
58814,-47,-0.2600000000000002,24,buy
58809,36,-0.040000000000000084,60,sell
58814,-3,-0.2600000000000002,57,buy
58812,8,-0.1700000000000001,65,sell
58816,-23,-0.2700000000000002,42,buy
58810,21,-0.09000000000000008,63,sell
58814,5,-0.2600000000000002,68,sell
58817,-18,-0.2900000000000002,50,buy
58814,-9,-0.14000000000000007,41,buy
58810,5,-0.09000000000000008,46,sell
58812,-14,-0.20000000000000012,32,buy
58809,-30,-0.050000000000000086,2,buy
58803,-19,0.07999999999999992,-17,buy
58798,-39,0.17999999999999994,-56,buy
58792,-23,0.30000000000000004,-79,buy
58787,-2,0.3900000000000001,-81,buy
58786,-26,0.41000000000000014,-107,buy
58780,9,0.4900000000000002,-98,sell
58782,25,0.3500000000000001,-73,sell
58787,-11,0.25,-84,buy
58784,19,0.41000000000000014,-65,sell
58787,-2,0.25,-67,buy
58786,14,0.3600000000000001,-53,sell
58789,-33,0.20999999999999996,-86,buy
58784,5,0.41000000000000014,-81,sell
58786,-23,0.30000000000000004,-104,buy
58780,-10,0.4700000000000002,-114,buy
58777,-4,0.5400000000000003,-118,buy
58774,6,0.5600000000000003,-112,sell
58777,17,0.4500000000000002,-95,sell
58780,-25,0.32000000000000006,-120,buy
58776,-1,0.5100000000000002,-121,buy
58775,-5,0.5400000000000003,-126,buy
58773,38,0.6000000000000003,-88,sell
58778,-2,0.3600000000000001,-90,buy
58776,-10,0.4600000000000002,-100,buy
58773,23,0.5600000000000003,-77,sell
58776,-33,0.40000000000000013,-110,buy
58767,17,0.6200000000000003,-93,sell
58770,15,0.4800000000000002,-78,sell
58774,-23,0.41000000000000014,-101,buy
58769,27,0.6100000000000003,-74,sell
58774,7,0.41000000000000014,-67,sell
58776,-9,0.3600000000000001,-76,buy
58774,12,0.5000000000000002,-64,sell
58777,-19,0.3400000000000001,-83,buy
58774,-22,0.5000000000000002,-105,buy
58771,9,0.6000000000000003,-96,sell
58774,8,0.44000000000000017,-88,sell
58776,25,0.3500000000000001,-63,sell
58781,-54,0.25,-117,buy
58774,43,0.4900000000000002,-74,sell
58780,21,0.27,-53,sell
58785,2,0.17999999999999994,-51,sell
58787,-18,0.16999999999999993,-69,buy
58783,12,0.33000000000000007,-57,sell
58786,-29,0.17999999999999994,-86,buy
58782,7,0.3700000000000001,-79,sell
58784,28,0.24,-51,sell
58789,-2,0.1199999999999999,-53,buy
58788,-5,0.19999999999999996,-58,buy
58786,-4,0.26,-62,buy
58783,1,0.32000000000000006,-61,sell
58784,-14,0.24,-75,buy
58781,-18,0.3900000000000001,-93,buy
58776,27,0.4700000000000002,-66,sell
58781,-5,0.30000000000000004,-71,buy
58779,-28,0.41000000000000014,-99,buy
58774,-4,0.5300000000000002,-103,buy
58771,-6,0.5600000000000003,-109,buy
58767,-41,0.6200000000000003,-150,buy
58760,-16,0.7600000000000005,-166,buy
58754,23,0.8100000000000005,-143,sell
58759,12,0.5800000000000003,-131,sell
58762,26,0.4900000000000002,-105,sell
58767,53,0.40000000000000013,-52,sell
58774,30,0.27,-22,sell
58781,17,0.16999999999999993,-5,sell
58785,31,0.08999999999999991,26,sell
58794,-17,0.019999999999999914,9,buy
58790,-4,0.17999999999999994,5,buy
58789,23,0.21999999999999997,28,sell
58794,12,0.019999999999999914,40,sell
58798,15,-0.08000000000000008,55,sell
58806,-35,-0.13000000000000006,20,buy
58801,-13,0.05999999999999993,7,buy
58798,-11,0.1199999999999999,-4,buy
58794,-1,0.18999999999999995,-5,buy
58793,18,0.19999999999999996,13,sell
58796,-16,0.03999999999999992,-3,buy
58793,25,0.20999999999999996,22,sell
58798,8,0.019999999999999914,30,sell
58800,32,-0.060000000000000095,62,sell
58806,-29,-0.15000000000000008,33,buy
58801,-8,0.049999999999999926,25,buy
58798,-2,0.09999999999999991,23,buy
58796,-12,0.1499999999999999,11,buy
58793,-11,0.21999999999999997,0,buy
58790,-2,0.28,-2,buy
58788,-7,0.31000000000000005,-9,buy
58786,19,0.3600000000000001,10,sell
58789,22,0.18999999999999995,32,sell
58793,-20,0.1099999999999999,12,buy
58790,19,0.28,31,sell
58793,-30,0.08999999999999991,1,buy
58788,-24,0.31000000000000005,-23,buy
58783,-4,0.41000000000000014,-27,buy
58781,35,0.4500000000000002,8,sell
58787,-7,0.21999999999999997,1,buy
58785,-10,0.33000000000000007,-9,buy
58782,-26,0.41000000000000014,-35,buy
58776,18,0.5000000000000002,-17,sell
58779,24,0.32000000000000006,7,sell
58784,57,0.24,64,sell
58791,-10,0.07999999999999992,54,buy
58789,-8,0.20999999999999996,46,buy
58787,-21,0.27,25,buy
58783,-6,0.3700000000000001,19,buy
58781,11,0.42000000000000015,30,sell
58784,12,0.28,42,sell
58787,-6,0.17999999999999994,36,buy
58785,10,0.30000000000000004,46,sell
58788,23,0.16999999999999993,69,sell
58793,-20,0.05999999999999992,49,buy
58790,2,0.21999999999999997,51,sell
58791,13,0.1199999999999999,64,sell
58796,-3,0.029999999999999916,61,buy
58795,-13,0.1099999999999999,48,buy
58792,40,0.19999999999999996,88,sell
58797,21,-0.010000000000000087,109,sell
58803,-17,-0.10000000000000007,92,buy
58800,42,0.049999999999999926,134,sell
58806,36,-0.1600000000000001,170,sell
58813,15,-0.2600000000000002,185,sell
58817,10,-0.3100000000000002,195,sell
58822,21,-0.35000000000000026,216,sell
58833,-2,-0.4100000000000003,214,buy
58831,-10,-0.32000000000000023,204,buy
58827,-29,-0.23000000000000015,175,buy
58820,-22,-0.09000000000000008,153,buy
58816,23,0.029999999999999923,176,sell
58820,27,-0.1600000000000001,203,sell
58826,11,-0.2700000000000002,214,sell
58829,-26,-0.35000000000000026,188,buy
58824,7,-0.1700000000000001,195,sell
58826,-5,-0.2700000000000002,190,buy
58824,-34,-0.1600000000000001,156,buy
58819,-18,-0.030000000000000082,138,buy
58814,-4,0.049999999999999926,134,buy
58810,-8,0.07999999999999992,126,buy
58807,9,0.1399999999999999,135,sell
58809,-30,0.019999999999999914,105,buy
58802,-6,0.19999999999999996,99,buy
58799,-1,0.26,98,buy
58798,12,0.30000000000000004,110,sell
58800,-28,0.15999999999999992,82,buy
58795,1,0.3600000000000001,83,sell
58796,-26,0.29000000000000004,57,buy
58790,21,0.43000000000000016,78,sell
58794,-6,0.25,72,buy
58792,17,0.3900000000000001,89,sell
58795,-10,0.22999999999999998,79,buy
58793,12,0.3700000000000001,91,sell
58796,26,0.21999999999999997,117,sell
58800,10,0.09999999999999991,127,sell
58803,-19,0.03999999999999992,108,buy
58800,5,0.21999999999999997,113,sell
58801,14,0.08999999999999991,127,sell
58806,16,0.019999999999999914,143,sell
58809,9,-0.09000000000000008,152,sell
58813,10,-0.12000000000000006,162,sell
58816,6,-0.1900000000000001,168,sell
58818,-6,-0.24000000000000016,162,buy
58817,-17,-0.13000000000000006,145,buy
58814,-3,-0.040000000000000084,142,buy
58812,-29,-0.01000000000000008,113,buy
58807,-15,0.1099999999999999,98,buy
58802,-26,0.18999999999999995,72,buy
58798,16,0.29000000000000004,88,sell
58801,-25,0.09999999999999991,63,buy
58797,-19,0.30000000000000004,44,buy
58794,14,0.3800000000000001,58,sell
58797,-28,0.20999999999999996,30,buy
58791,-23,0.40000000000000013,7,buy
58785,-4,0.4900000000000002,3,buy
58783,18,0.5200000000000002,21,sell
58786,-14,0.3500000000000001,7,buy
58783,25,0.5200000000000002,32,sell
58787,-17,0.33000000000000007,15,buy
58784,-9,0.4900000000000002,6,buy
58779,8,0.5600000000000003,14,sell
58782,-47,0.4500000000000002,-33,buy
58770,-19,0.6300000000000003,-52,buy
58766,3,0.7400000000000004,-49,sell
58768,7,0.6000000000000003,-42,sell
58770,-1,0.5100000000000002,-43,buy
58768,-4,0.6200000000000003,-47,buy
58766,13,0.7000000000000004,-34,sell
58769,16,0.5500000000000003,-18,sell
58774,6,0.4500000000000002,-12,sell
58778,-18,0.3800000000000001,-30,buy
58775,-20,0.5300000000000002,-50,buy
58769,10,0.6200000000000003,-40,sell
58772,11,0.5000000000000002,-29,sell
58776,3,0.42000000000000015,-26,sell
58778,-12,0.3800000000000001,-38,buy
58775,6,0.5100000000000002,-32,sell
58776,27,0.40000000000000013,-5,sell
58781,-1,0.30000000000000004,-6,buy
58780,-23,0.3900000000000001,-29,buy
58776,28,0.5000000000000002,-1,sell
58782,-24,0.29000000000000004,-25,buy
58779,-52,0.4500000000000002,-77,buy
58773,-25,0.5800000000000003,-102,buy
58768,38,0.6700000000000004,-64,sell
58772,37,0.4600000000000002,-27,sell
58778,-27,0.3700000000000001,-54,buy
58774,-17,0.5500000000000003,-71,buy
58769,8,0.6300000000000003,-63,sell
58771,-29,0.5100000000000002,-92,buy
58767,-10,0.7200000000000004,-102,buy
58764,-7,0.7700000000000005,-109,buy
58759,-66,0.7900000000000005,-175,buy
58748,18,0.9400000000000006,-157,sell
58751,10,0.7300000000000004,-147,sell
58754,18,0.6100000000000003,-129,sell
58759,-3,0.5300000000000002,-132,buy
58757,6,0.6300000000000003,-126,sell
58759,-1,0.5200000000000002,-127,buy
58757,17,0.6200000000000003,-110,sell
58762,-20,0.4800000000000002,-130,buy
58759,5,0.6600000000000004,-125,sell
58761,-18,0.5200000000000002,-143,buy
58758,-3,0.6900000000000004,-146,buy
58757,-5,0.7200000000000004,-151,buy
58754,-18,0.7800000000000005,-169,buy
58751,29,0.9000000000000006,-140,sell
58754,-18,0.6400000000000003,-158,buy
58751,-20,0.9000000000000006,-178,buy
58745,-8,0.9700000000000006,-186,buy
58743,-37,1.0300000000000007,-223,buy
58736,-26,1.1300000000000008,-249,buy
58729,-29,1.2000000000000008,-278,buy
58723,-15,1.350000000000001,-293,buy
58715,-24,1.400000000000001,-317,buy
58709,8,1.5100000000000011,-309,sell
58710,6,1.2500000000000009,-303,sell
58712,20,1.1400000000000008,-283,sell
58716,6,1.0200000000000007,-277,sell
58717,10,0.9600000000000006,-267,sell
58721,5,0.9100000000000006,-262,sell
58723,10,0.8500000000000005,-252,sell
58727,-4,0.7500000000000004,-256,buy
58726,5,0.8900000000000006,-251,sell
58728,19,0.7400000000000004,-232,sell
58731,-18,0.6200000000000003,-250,buy
58728,-38,0.9000000000000006,-288,buy
58723,-11,1.0800000000000007,-299,buy
58720,4,1.1400000000000008,-295,sell
58721,8,0.9800000000000006,-287,sell
58723,32,0.8700000000000006,-255,sell
58729,33,0.7300000000000004,-222,sell
58738,-8,0.5800000000000003,-230,buy
58736,8,0.7200000000000004,-222,sell
58738,43,0.5800000000000003,-179,sell
58745,-24,0.4600000000000002,-203,buy
58741,-22,0.6700000000000004,-225,buy
58736,4,0.8000000000000005,-221,sell
58737,-13,0.6600000000000004,-234,buy
58735,2,0.8800000000000006,-232,sell
58736,-6,0.7600000000000005,-238,buy
58734,-15,0.9000000000000006,-253,buy
58730,9,0.9700000000000006,-244,sell
58733,-9,0.7700000000000005,-253,buy
58731,-36,0.9400000000000006,-289,buy
58725,3,1.0900000000000007,-286,sell
58726,-42,0.9900000000000007,-328,buy
58720,-1,1.2000000000000008,-329,buy
58719,24,1.2500000000000009,-305,sell
58722,-2,1.0200000000000007,-307,buy
58720,12,1.1800000000000008,-295,sell
58723,-28,1.0100000000000007,-323,buy
58720,3,1.2300000000000009,-320,sell
58721,-44,1.0600000000000007,-364,buy
58716,33,1.360000000000001,-331,sell
58720,-2,1.0300000000000007,-333,buy
58718,5,1.1800000000000008,-328,sell
58719,-37,1.0400000000000007,-365,buy
58715,7,1.370000000000001,-358,sell
58717,-7,1.1400000000000008,-365,buy
58716,19,1.310000000000001,-346,sell
58719,-29,1.0300000000000007,-375,buy
58716,-31,1.290000000000001,-406,buy
58712,3,1.460000000000001,-403,sell
58714,9,1.1600000000000008,-394,sell
58717,4,1.0600000000000007,-390,sell
58719,-21,1.0100000000000007,-411,buy
58716,19,1.2100000000000009,-392,sell
58719,18,0.9800000000000006,-374,sell
58723,8,0.8700000000000006,-366,sell
58725,7,0.7800000000000005,-359,sell
58728,-8,0.7500000000000004,-367,buy
58727,7,0.9300000000000006,-360,sell
58730,-8,0.7300000000000004,-368,buy
58728,-17,0.9100000000000006,-385,buy
58725,17,1.0200000000000007,-368,sell
58727,24,0.8100000000000005,-344,sell
58731,-31,0.6900000000000004,-375,buy
58727,12,0.9400000000000006,-363,sell
58729,17,0.7600000000000005,-346,sell
58731,-46,0.6400000000000003,-392,buy
58726,-4,0.9700000000000006,-396,buy
58724,11,1.0400000000000007,-385,sell
58726,-4,0.8600000000000005,-389,buy
58724,56,1.0400000000000007,-333,sell
58730,-46,0.7400000000000004,-379,buy
58725,-10,1.0200000000000007,-389,buy
58721,6,1.1000000000000008,-383,sell
58722,2,0.9600000000000006,-381,sell
58723,20,0.9200000000000006,-361,sell
58726,15,0.7800000000000005,-346,sell
58730,-6,0.7200000000000004,-352,buy
58728,6,0.9000000000000006,-346,sell
58730,15,0.7300000000000004,-331,sell
58737,9,0.6000000000000003,-322,sell
58741,-28,0.5400000000000003,-350,buy
58737,-8,0.7500000000000004,-358,buy
58735,-3,0.8100000000000005,-361,buy
58734,10,0.8800000000000006,-351,sell
58736,-22,0.6900000000000004,-373,buy
58733,-4,0.9100000000000006,-377,buy
58731,3,0.9400000000000006,-374,sell
58732,-24,0.8300000000000005,-398,buy
58727,1,1.0400000000000007,-397,sell
58728,-16,0.9300000000000006,-413,buy
58724,-13,1.1100000000000008,-426,buy
58720,21,1.1900000000000008,-405,sell
58723,-22,0.9800000000000006,-427,buy
58720,-19,1.2100000000000009,-446,buy
58716,46,1.340000000000001,-400,sell
58721,-7,1.0000000000000007,-407,buy
58720,4,1.1500000000000008,-403,sell
58721,14,0.9800000000000006,-389,sell
58724,23,0.8700000000000006,-366,sell
58729,-17,0.7400000000000004,-383,buy
58725,13,0.9500000000000006,-370,sell
58728,13,0.7600000000000005,-357,sell
58731,24,0.6800000000000004,-333,sell
58738,26,0.5800000000000003,-307,sell
58744,-2,0.4900000000000002,-309,buy
58743,-5,0.5700000000000003,-314,buy
58741,40,0.6400000000000003,-274,sell
58748,-17,0.44000000000000017,-291,buy
58745,22,0.5900000000000003,-269,sell
58750,-16,0.41000000000000014,-285,buy
58747,16,0.5800000000000003,-269,sell
58750,-13,0.42000000000000015,-282,buy
58747,-28,0.5700000000000003,-310,buy
58742,22,0.6800000000000004,-288,sell
58746,30,0.5000000000000002,-258,sell
58753,-14,0.3900000000000001,-272,buy
58750,14,0.5400000000000003,-258,sell
58753,26,0.3900000000000001,-232,sell
58758,35,0.31000000000000005,-197,sell
58764,13,0.20999999999999996,-184,sell
58770,-5,0.16999999999999993,-189,buy
58769,-33,0.29000000000000004,-222,buy
58764,26,0.3900000000000001,-196,sell
58768,4,0.19999999999999996,-192,sell
58771,-39,0.15999999999999992,-231,buy
58766,-26,0.3800000000000001,-257,buy
58760,14,0.4700000000000002,-243,sell
58763,-25,0.33000000000000007,-268,buy
58758,6,0.5100000000000002,-262,sell
58759,32,0.40000000000000013,-230,sell
58765,-3,0.29000000000000004,-233,buy
58764,14,0.3700000000000001,-219,sell
58768,-14,0.21999999999999997,-233,buy
58765,-2,0.3600000000000001,-235,buy
58763,-2,0.40000000000000013,-237,buy
58762,-2,0.44000000000000017,-239,buy
58759,2,0.4600000000000002,-237,sell
58761,20,0.3800000000000001,-217,sell
58765,9,0.27,-208,sell
58768,26,0.20999999999999996,-182,sell
58776,-37,0.1199999999999999,-219,buy
58770,16,0.32000000000000006,-203,sell
58774,-3,0.16999999999999993,-206,buy
58773,21,0.27,-185,sell
58777,-17,0.08999999999999991,-202,buy
58774,31,0.27,-171,sell
58781,-14,0.06999999999999992,-185,buy
58778,-17,0.22999999999999998,-202,buy
58773,-27,0.32000000000000006,-229,buy
58769,-19,0.4500000000000002,-248,buy
58764,16,0.5100000000000002,-232,sell
58767,-21,0.3600000000000001,-253,buy
58763,17,0.5400000000000003,-236,sell
58767,11,0.3800000000000001,-225,sell
58771,27,0.29000000000000004,-198,sell
58777,4,0.16999999999999993,-194,sell
58779,25,0.1199999999999999,-169,sell
58787,42,0.019999999999999914,-127,sell
58794,-16,-0.09000000000000008,-143,buy
58791,-9,0.07999999999999992,-152,buy
58788,38,0.1499999999999999,-114,sell
58793,17,-0.05000000000000009,-97,sell
58802,-15,-0.12000000000000006,-112,buy
58798,-28,0.039999999999999925,-140,buy
58793,-7,0.15999999999999992,-147,buy
58790,-14,0.20999999999999996,-161,buy
58787,7,0.29000000000000004,-154,sell
58790,3,0.1299999999999999,-151,sell
58792,11,0.06999999999999992,-140,sell
58795,-13,0.009999999999999913,-153,buy
58792,-13,0.15999999999999992,-166,buy
58789,-8,0.24,-174,buy
58787,-31,0.29000000000000004,-205,buy
58781,28,0.3900000000000001,-177,sell
58785,12,0.19999999999999996,-165,sell
58789,-13,0.1299999999999999,-178,buy
58786,-26,0.26,-204,buy
58782,-6,0.3800000000000001,-210,buy
58780,-26,0.42000000000000015,-236,buy
58774,-2,0.4900000000000002,-238,buy
58772,-31,0.5100000000000002,-269,buy
58764,-1,0.6100000000000003,-270,buy
58762,-22,0.6200000000000003,-292,buy
58759,12,0.7300000000000004,-280,sell
58761,4,0.5600000000000003,-276,sell
58763,38,0.5300000000000002,-238,sell
58769,5,0.3900000000000001,-233,sell
58771,-20,0.3400000000000001,-253,buy
58768,43,0.5000000000000002,-210,sell
58774,5,0.27,-205,sell
58776,15,0.22999999999999998,-190,sell
58781,9,0.15999999999999992,-181,sell
58784,-4,0.09999999999999991,-185,buy
58783,-21,0.21999999999999997,-206,buy
58778,-42,0.32000000000000006,-248,buy
58771,-22,0.4800000000000002,-270,buy
58766,-10,0.5700000000000003,-280,buy
58761,-44,0.6300000000000003,-324,buy
58751,3,0.7900000000000005,-321,sell
58752,-11,0.6700000000000004,-332,buy
58749,51,0.8600000000000005,-281,sell
58755,49,0.5700000000000003,-232,sell
58763,-4,0.42000000000000015,-236,buy
58761,10,0.5400000000000003,-226,sell
58763,-20,0.41000000000000014,-246,buy
58760,8,0.6000000000000003,-238,sell
58763,15,0.4500000000000002,-223,sell
58767,-8,0.3400000000000001,-231,buy
58764,58,0.4600000000000002,-173,sell
58771,-32,0.25,-205,buy
58764,33,0.4600000000000002,-172,sell
58770,3,0.29000000000000004,-169,sell
58772,18,0.24,-151,sell
58777,2,0.15999999999999992,-149,sell
58779,3,0.1399999999999999,-146,sell
58781,-5,0.1099999999999999,-151,buy
58779,-23,0.22999999999999998,-174,buy
58774,-9,0.3500000000000001,-183,buy
58771,7,0.43000000000000016,-176,sell
58774,5,0.29000000000000004,-171,sell
58776,-22,0.22999999999999998,-193,buy
58772,-5,0.41000000000000014,-198,buy
58768,18,0.4600000000000002,-180,sell
58771,-9,0.32000000000000006,-189,buy
58768,-6,0.4600000000000002,-195,buy
58766,-3,0.5200000000000002,-198,buy
58764,16,0.5500000000000003,-182,sell
58768,36,0.3800000000000001,-146,sell
58774,37,0.22999999999999998,-109,sell
58781,20,0.1199999999999999,-89,sell
58788,-6,0.029999999999999916,-95,buy
58786,-8,0.1399999999999999,-103,buy
58784,-30,0.19999999999999996,-133,buy
58778,34,0.32000000000000006,-99,sell
58784,-18,0.1299999999999999,-117,buy
58781,43,0.28,-74,sell
58787,11,0.03999999999999992,-63,sell
58790,-5,-0.010000000000000087,-68,buy
58789,21,0.1299999999999999,-47,sell
58793,-17,-0.07000000000000009,-64,buy
58790,-11,0.1199999999999999,-75,buy
58786,21,0.18999999999999995,-54,sell
58790,4,0.029999999999999916,-50,sell
58791,-64,-0.010000000000000087,-114,buy
58783,-12,0.26,-126,buy
58780,-12,0.3400000000000001,-138,buy
58776,1,0.41000000000000014,-137,sell
58777,5,0.3400000000000001,-132,sell
58779,-2,0.28,-134,buy
58778,62,0.3600000000000001,-72,sell
58785,-13,0.1099999999999999,-85,buy
58782,16,0.26,-69,sell
58785,7,0.09999999999999991,-62,sell
58788,-24,0.04999999999999992,-86,buy
58784,-1,0.22999999999999998,-87,buy
58783,3,0.25,-84,sell
58784,5,0.15999999999999992,-79,sell
58786,12,0.1199999999999999,-67,sell
58790,39,0.029999999999999916,-28,sell
58798,22,-0.10000000000000007,-6,sell
58805,-15,-0.15000000000000008,-21,buy
58802,4,0.00999999999999992,-17,sell
58804,36,-0.10000000000000007,19,sell
58812,32,-0.22000000000000014,51,sell
58820,20,-0.3000000000000002,71,sell
58825,10,-0.3700000000000003,81,sell
58833,2,-0.4100000000000003,83,sell
58837,-17,-0.4200000000000003,66,buy
58833,-1,-0.2600000000000002,65,buy
58832,8,-0.24000000000000016,73,sell
58834,8,-0.3700000000000003,81,sell
58837,40,-0.4300000000000003,121,sell
58845,-20,-0.5100000000000003,101,buy
58842,10,-0.3500000000000002,111,sell
58845,-36,-0.5100000000000003,75,buy
58840,2,-0.31000000000000016,77,sell
58842,-19,-0.41000000000000025,58,buy
58837,12,-0.2600000000000001,70,sell
58841,17,-0.41000000000000025,87,sell
58845,-8,-0.5100000000000003,79,buy
58842,-5,-0.39000000000000024,74,buy
58840,-22,-0.31000000000000016,52,buy
58835,-13,-0.22000000000000008,39,buy
58832,5,-0.12000000000000001,44,sell
58833,6,-0.2300000000000001,50,sell
58835,-26,-0.27000000000000013,24,buy
58828,10,-0.09000000000000002,34,sell
58830,-30,-0.2300000000000001,4,buy
58825,33,-0.010000000000000024,37,sell
58830,38,-0.20000000000000007,75,sell
58836,24,-0.3300000000000002,99,sell
58841,12,-0.4400000000000003,111,sell
58845,-41,-0.5000000000000003,70,buy
58840,13,-0.30000000000000016,83,sell
58843,1,-0.4600000000000003,84,sell
58844,-12,-0.4900000000000003,72,buy
58842,21,-0.3400000000000002,93,sell
58848,29,-0.5400000000000004,122,sell
58857,16,-0.6100000000000004,138,sell
58864,12,-0.6400000000000005,150,sell
58870,-22,-0.6700000000000005,128,buy
58867,16,-0.5000000000000003,144,sell
58872,2,-0.6800000000000005,146,sell
58877,5,-0.6900000000000005,151,sell
58880,9,-0.7100000000000005,160,sell
58884,-9,-0.7400000000000005,151,buy
58882,-4,-0.6100000000000004,147,buy
58881,3,-0.5700000000000004,150,sell
58882,11,-0.6800000000000005,161,sell
58886,-20,-0.7700000000000006,141,buy
58883,10,-0.5700000000000004,151,sell
58886,1,-0.7300000000000005,152,sell
58888,14,-0.7800000000000006,166,sell
58893,-34,-0.8200000000000006,132,buy
58888,-6,-0.5800000000000004,126,buy
58885,20,-0.5400000000000004,146,sell
58889,26,-0.7000000000000005,172,sell
58893,15,-0.8200000000000006,187,sell
58901,37,-0.8600000000000007,224,sell
58909,12,-0.9400000000000007,236,sell
58915,10,-0.9800000000000008,246,sell
58921,-16,-1.0200000000000007,230,buy
58918,-4,-0.7900000000000005,226,buy
58915,20,-0.6900000000000004,246,sell
58918,-19,-0.9000000000000006,227,buy
58915,-8,-0.6800000000000004,219,buy
58912,34,-0.6100000000000003,253,sell
58917,15,-0.8400000000000005,268,sell
58920,-3,-0.9800000000000006,265,buy
58919,21,-0.8500000000000005,286,sell
58924,-1,-1.0500000000000007,285,buy
58923,8,-0.9500000000000006,293,sell
58926,-11,-1.0900000000000007,282,buy
58924,-7,-0.8600000000000005,275,buy
58922,19,-0.7900000000000005,294,sell
58925,16,-1.0000000000000007,310,sell
58935,12,-1.1200000000000008,322,sell
58943,21,-1.1600000000000008,343,sell
58951,-34,-1.2000000000000008,309,buy
58948,7,-0.8800000000000006,316,sell
58949,1,-1.1000000000000008,317,sell
58950,-16,-1.1200000000000008,301,buy
58948,-7,-0.9200000000000006,294,buy
58946,-2,-0.8200000000000005,292,buy
58945,3,-0.7900000000000005,295,sell
58946,-1,-0.9000000000000006,294,buy
58945,37,-0.8000000000000005,331,sell
58949,-26,-1.0500000000000007,305,buy
58945,-29,-0.8000000000000005,276,buy
58939,16,-0.6300000000000003,292,sell
58941,-1,-0.7900000000000005,291,buy
58940,-22,-0.6500000000000004,269,buy
58935,37,-0.5700000000000003,306,sell
58940,-21,-0.8100000000000005,285,buy
58936,-37,-0.6100000000000003,248,buy
58930,-9,-0.4900000000000002,239,buy
58926,-3,-0.44000000000000017,236,buy
58922,-6,-0.40000000000000013,230,buy
58919,37,-0.3700000000000001,267,sell
58925,-20,-0.5800000000000003,247,buy
58922,-10,-0.41000000000000014,237,buy
58919,-14,-0.3700000000000001,223,buy
58915,-6,-0.30000000000000004,217,buy
58911,6,-0.26,223,sell
58912,4,-0.3900000000000001,227,sell
58915,-8,-0.41000000000000014,219,buy
58913,-4,-0.29000000000000004,215,buy
58911,-2,-0.26,213,buy
58909,-39,-0.22999999999999998,174,buy
58900,-45,-0.1099999999999999,129,buy
58892,-16,-0.029999999999999916,113,buy
58885,-6,0.04000000000000009,107,buy
58881,25,0.08000000000000008,132,sell
58886,24,-0.1099999999999999,156,sell
58890,-5,-0.20999999999999996,151,buy
58888,18,-0.08999999999999991,169,sell
58892,31,-0.25,200,sell
58898,54,-0.3500000000000001,254,sell
58906,-30,-0.4800000000000002,224,buy
58900,-14,-0.26,210,buy
58897,27,-0.17999999999999994,237,sell
58901,-9,-0.3600000000000001,228,buy
58898,-17,-0.22999999999999998,211,buy
58894,16,-0.1099999999999999,227,sell
58898,-18,-0.27,209,buy
58894,-9,-0.1099999999999999,200,buy
58890,-1,-0.06999999999999992,199,buy
58889,23,-0.019999999999999914,222,sell
58893,-4,-0.19999999999999996,218,buy
58891,17,-0.08999999999999991,235,sell
58895,23,-0.25,258,sell
58900,-16,-0.3400000000000001,242,buy
58897,1,-0.19999999999999996,243,sell
58898,-20,-0.29000000000000004,223,buy
58895,9,-0.1299999999999999,232,sell
58897,6,-0.28,238,sell
58899,22,-0.33000000000000007,260,sell
58904,8,-0.43000000000000016,268,sell
58906,34,-0.4800000000000002,302,sell
58913,1,-0.5800000000000003,303,sell
58914,5,-0.6100000000000003,308,sell
58916,45,-0.6400000000000003,353,sell
58923,15,-0.7500000000000004,368,sell
58928,-56,-0.8400000000000005,312,buy
58921,29,-0.5600000000000003,341,sell
58925,-20,-0.7500000000000004,321,buy
58922,14,-0.5700000000000003,335,sell
58925,-16,-0.7400000000000004,319,buy
58922,-32,-0.5800000000000003,287,buy
58917,-1,-0.4700000000000002,286,buy
58915,20,-0.44000000000000017,306,sell
58918,-24,-0.6000000000000003,282,buy
58912,-5,-0.40000000000000013,277,buy
58910,30,-0.3600000000000001,307,sell
58915,-7,-0.5600000000000003,300,buy
58913,29,-0.44000000000000017,329,sell
58918,-20,-0.6200000000000003,309,buy
58915,15,-0.4500000000000002,324,sell
58918,-37,-0.6200000000000003,287,buy
58913,21,-0.41000000000000014,308,sell
58917,28,-0.6100000000000003,336,sell
58923,-9,-0.7100000000000004,327,buy
58921,22,-0.5900000000000003,349,sell
58924,28,-0.7700000000000005,377,sell
58931,14,-0.8800000000000006,391,sell
58935,22,-0.9700000000000006,413,sell
58940,27,-1.0300000000000007,440,sell
58948,-5,-1.1400000000000008,435,buy
58947,15,-0.9900000000000007,450,sell
58951,-5,-1.1900000000000008,445,buy
58950,-35,-0.9900000000000007,410,buy
58946,13,-0.8200000000000005,423,sell
58948,18,-1.0300000000000007,441,sell
58951,-37,-1.1500000000000008,404,buy
58947,21,-0.8700000000000006,425,sell
58949,-36,-1.1000000000000008,389,buy
58945,9,-0.7800000000000005,398,sell
58947,-14,-0.9600000000000006,384,buy
58945,5,-0.7700000000000005,389,sell
58946,19,-0.9200000000000006,408,sell
58949,-13,-1.0500000000000007,395,buy
58947,-30,-0.8500000000000005,365,buy
58942,4,-0.6900000000000004,369,sell
58944,-14,-0.8400000000000005,355,buy
58940,18,-0.6500000000000004,373,sell
58943,23,-0.8400000000000005,396,sell
58947,-5,-1.0100000000000007,391,buy
58945,37,-0.8300000000000005,428,sell
58949,21,-1.0900000000000007,449,sell
58954,5,-1.2100000000000009,454,sell
58956,12,-1.2400000000000009,466,sell
58960,-49,-1.290000000000001,417,buy
58956,-14,-0.9000000000000006,403,buy
58952,-9,-0.8000000000000005,394,buy
58949,15,-0.6800000000000004,409,sell
58952,22,-0.8900000000000006,431,sell
58956,11,-1.0400000000000007,442,sell
58958,-18,-1.1700000000000008,424,buy
58955,-23,-0.9300000000000006,401,buy
58952,-20,-0.7600000000000005,381,buy
58947,20,-0.6500000000000004,401,sell
58950,-5,-0.8500000000000005,396,buy
58948,-29,-0.6900000000000004,367,buy
58942,14,-0.5700000000000003,381,sell
58945,-6,-0.7400000000000004,375,buy
58943,11,-0.6200000000000003,386,sell
58945,13,-0.7700000000000005,399,sell
58948,18,-0.8500000000000005,417,sell
58952,-19,-0.9800000000000006,398,buy
58949,8,-0.7800000000000005,406,sell
58950,-1,-0.9500000000000006,405,buy
58949,7,-0.8000000000000005,412,sell
58950,-8,-0.9400000000000006,404,buy
58949,2,-0.7300000000000004,406,sell
58950,-27,-0.8900000000000006,379,buy
58946,-12,-0.6500000000000004,367,buy
58943,18,-0.5800000000000003,385,sell
58946,7,-0.7500000000000004,392,sell
58948,-1,-0.8300000000000005,391,buy
58947,-3,-0.7200000000000004,388,buy
58945,-17,-0.6400000000000003,371,buy
58940,-15,-0.5500000000000003,356,buy
58936,-23,-0.4800000000000002,333,buy
58927,-25,-0.3900000000000001,308,buy
58921,33,-0.29000000000000004,341,sell
58926,23,-0.5100000000000002,364,sell
58931,-19,-0.6200000000000003,345,buy
58928,-10,-0.4500000000000002,335,buy
58924,32,-0.40000000000000013,367,sell
58929,18,-0.5900000000000003,385,sell
58933,-37,-0.6700000000000004,348,buy
58928,-17,-0.4700000000000002,331,buy
58923,17,-0.3900000000000001,348,sell
58926,13,-0.5300000000000002,361,sell
58929,-18,-0.6000000000000003,343,buy
58926,-5,-0.42000000000000015,338,buy
58923,34,-0.3900000000000001,372,sell
58929,25,-0.5700000000000003,397,sell
58934,32,-0.6900000000000004,429,sell
58938,-7,-0.7800000000000005,422,buy
58936,-32,-0.6200000000000003,390,buy
58931,-18,-0.4900000000000002,372,buy
58925,13,-0.40000000000000013,385,sell
58928,49,-0.5500000000000003,434,sell
58934,-17,-0.6900000000000004,417,buy
58931,-8,-0.5200000000000002,409,buy
58929,-22,-0.4500000000000002,387,buy
58924,34,-0.3800000000000001,421,sell
58930,-26,-0.5700000000000003,395,buy
58925,5,-0.40000000000000013,400,sell
58927,-19,-0.5100000000000002,381,buy
58924,13,-0.3500000000000001,394,sell
58927,-6,-0.5200000000000002,388,buy
58925,24,-0.40000000000000013,412,sell
58930,-2,-0.5800000000000003,410,buy
58928,14,-0.4800000000000002,424,sell
58932,-2,-0.6200000000000003,422,buy
58931,18,-0.5400000000000003,440,sell
58934,17,-0.6900000000000004,457,sell
58938,10,-0.7500000000000004,467,sell
58941,-15,-0.8300000000000005,452,buy
58938,-16,-0.6300000000000003,436,buy
58934,-15,-0.5500000000000003,421,buy
58931,7,-0.4600000000000002,428,sell
58933,11,-0.5900000000000003,439,sell
58936,26,-0.6700000000000004,465,sell
58940,-22,-0.7900000000000005,443,buy
58936,-8,-0.5800000000000003,435,buy
58933,22,-0.5300000000000002,457,sell
58937,12,-0.7000000000000004,469,sell
58939,10,-0.7700000000000005,479,sell
58942,-2,-0.8400000000000005,477,buy
58941,-42,-0.7100000000000004,435,buy
58935,-39,-0.5600000000000003,396,buy
58929,-10,-0.43000000000000016,386,buy
58925,5,-0.3800000000000001,391,sell
58927,-3,-0.4900000000000002,388,buy
58925,-16,-0.3900000000000001,372,buy
58921,-4,-0.30000000000000004,368,buy
58918,-2,-0.26,366,buy
58916,-16,-0.22999999999999998,350,buy
58911,40,-0.16999999999999993,390,sell
58916,-42,-0.3600000000000001,348,buy
58910,18,-0.1499999999999999,366,sell
58913,28,-0.31000000000000005,394,sell
58918,11,-0.43000000000000016,405,sell
58921,-34,-0.4900000000000002,371,buy
58916,-3,-0.28,368,buy
58914,24,-0.25,392,sell
58918,-21,-0.44000000000000017,371,buy
58914,-11,-0.25,360,buy
58912,21,-0.18999999999999995,381,sell
58915,-37,-0.3800000000000001,344,buy
58910,13,-0.1499999999999999,357,sell
58913,18,-0.30000000000000004,375,sell
58918,4,-0.41000000000000014,379,sell
58920,24,-0.4600000000000002,403,sell
58926,48,-0.5800000000000003,451,sell
58934,1,-0.7200000000000004,452,sell
58935,33,-0.7300000000000004,485,sell
58941,8,-0.8900000000000006,493,sell
58944,10,-0.9600000000000006,503,sell
58947,4,-1.0300000000000007,507,sell
58948,-11,-1.0700000000000007,496,buy
58946,8,-0.8600000000000005,504,sell
58947,12,-1.0300000000000007,516,sell
58950,8,-1.1100000000000008,524,sell
58954,-19,-1.1400000000000008,505,buy
58951,58,-0.9300000000000006,563,sell
58958,13,-1.2200000000000009,576,sell
58963,-14,-1.300000000000001,562,buy
58961,-30,-1.0100000000000007,532,buy
58958,19,-0.8800000000000006,551,sell
58961,-30,-1.1500000000000008,521,buy
58958,5,-0.8900000000000006,526,sell
58959,-10,-1.0800000000000007,516,buy
58957,-7,-0.8700000000000006,509,buy
