391
499
499
391
283
275
