1428
1416
1407
1428
1440
1440
